epoch	loss	acc	val_loss	val_acc
0	1.1491214123858005	0.4425126314163208	1.0744401521212317	0.4708520174026489
1	1.0511887665551765	0.4408300518989563	1.0301246688504924	0.42825111746788025
2	1.0263365269108429	0.4335389733314514	1.016233982526668	0.4573991000652313
3	1.0899237130240518	0.44139090180397034	1.0947498802112356	0.4708520174026489
4	1.0889384646931861	0.4481211304664612	1.0868375349472457	0.4708520174026489
5	1.0880301206618699	0.4481211304664612	1.0860717887301081	0.4708520174026489
6	1.086404998584604	0.4481211304664612	1.0865740845556215	0.4708520174026489
7	1.0856363395593571	0.4481211304664612	1.086244902001368	0.4708520174026489
8	1.08604022263812	0.4481211304664612	1.086579623243734	0.4708520174026489
9	1.085703261434798	0.4481211304664612	1.087021255439707	0.4708520174026489
10	1.0857781923626222	0.4481211304664612	1.0870119635299718	0.4708520174026489
11	1.085567414459725	0.4481211304664612	1.0869722080337627	0.4708520174026489
12	1.085851634210639	0.4481211304664612	1.0868502157686002	0.4708520174026489
13	1.0860404311039444	0.4481211304664612	1.086736925781575	0.4708520174026489
14	1.086161198404754	0.4481211304664612	1.0871823972650707	0.4708520174026489
15	1.085615195354851	0.4481211304664612	1.0870187183666657	0.4708520174026489
16	1.086037992027056	0.4481211304664612	1.086577326192984	0.4708520174026489
17	1.0854743868530432	0.4481211304664612	1.0868539842254912	0.4708520174026489
18	1.0854416074407816	0.4481211304664612	1.0870381141991894	0.4708520174026489
19	1.0860547538025622	0.4481211304664612	1.087195083164848	0.4708520174026489
20	1.0854864966247568	0.4481211304664612	1.0867584753998727	0.4708520174026489
21	1.0856264913209155	0.4481211304664612	1.0871467563603492	0.4708520174026489
22	1.0861369528866724	0.4481211304664612	1.0869202710053312	0.4708520174026489
23	1.0861745127719638	0.4481211304664612	1.087466163485574	0.4708520174026489
24	1.0856981439932771	0.4481211304664612	1.0865780061670482	0.4708520174026489
25	1.0860763105594637	0.4481211304664612	1.0872064713939957	0.4708520174026489
26	1.0856970218347153	0.4481211304664612	1.08685920858597	0.4708520174026489
27	1.0855993079925212	0.4481211304664612	1.0870156713130763	0.4708520174026489
28	1.0856906179624932	0.4481211304664612	1.086743901663297	0.4708520174026489
29	1.0853629564209326	0.4481211304664612	1.0869768048081163	0.4708520174026489
30	1.08541461442604	0.4481211304664612	1.087208308713853	0.4708520174026489
31	1.0860287139941251	0.4481211304664612	1.0872176973809042	0.4708520174026489
32	1.0856729076608005	0.4481211304664612	1.0867058105532899	0.4708520174026489
33	1.0862595017412306	0.4481211304664612	1.087014836580764	0.4708520174026489
34	1.085464627369695	0.4481211304664612	1.0871044148778701	0.4708520174026489
35	1.0854714571995074	0.4481211304664612	1.0870009831783483	0.4708520174026489
36	1.0856514847552716	0.4481211304664612	1.0869565207862	0.4708520174026489
37	1.0856758759921679	0.4481211304664612	1.0867652986616296	0.4708520174026489
38	1.0855706627958621	0.4481211304664612	1.0870681177874852	0.4708520174026489
39	1.0859534783906235	0.4481211304664612	1.086999004464513	0.4708520174026489
40	1.08552640586239	0.4481211304664612	1.0869256578753348	0.4708520174026489
41	1.0861706307144294	0.4481211304664612	1.0876900398677776	0.4708520174026489
42	1.0858266683221198	0.4481211304664612	1.087144129212127	0.4708520174026489
43	1.0852920363876035	0.4481211304664612	1.0869816509597505	0.4708520174026489
44	1.0854573140837005	0.4481211304664612	1.0868153497242607	0.4708520174026489
45	1.0855806824937673	0.4481211304664612	1.086874366073865	0.4708520174026489
46	1.0858103190655797	0.4481211304664612	1.0868582514369434	0.4708520174026489
47	1.0855599569926686	0.4481211304664612	1.0870995922473514	0.4708520174026489
48	1.0855964600070434	0.4481211304664612	1.0871934703647288	0.4708520174026489
49	1.0863315172564496	0.4481211304664612	1.0864465346250833	0.4708520174026489
50	1.0856585761368174	0.4481211304664612	1.0868588907836263	0.4708520174026489
51	1.0855071793362054	0.4481211304664612	1.0870012721138684	0.4708520174026489
52	1.0859778775837203	0.4481211304664612	1.0866276870393967	0.4708520174026489
53	1.086140123766858	0.4481211304664612	1.086922370264883	0.4708520174026489
54	1.0858801192135472	0.4481211304664612	1.0870129821546408	0.4708520174026489
55	1.0856215942460903	0.4481211304664612	1.0870907362801077	0.4708520174026489
56	1.0858212789657473	0.4481211304664612	1.0868444349199133	0.4708520174026489
57	1.0856466322752845	0.4481211304664612	1.0867392516991483	0.4708520174026489
58	1.0857792051401423	0.4481211304664612	1.0865992478725621	0.4708520174026489
59	1.0859559234179477	0.4481211304664612	1.0876575446449588	0.4708520174026489
60	1.0855349306971989	0.4481211304664612	1.086793078435376	0.4708520174026489
61	1.0860639964337437	0.4481211304664612	1.0870401704257915	0.4708520174026489
62	1.0859858747018032	0.4481211304664612	1.087196965388653	0.4708520174026489
63	1.0856299897090678	0.4481211304664612	1.0867111180395288	0.4708520174026489
64	1.0856616205535308	0.4481211304664612	1.0870998464357693	0.4708520174026489
65	1.0856278734934577	0.4481211304664612	1.0871457633950785	0.4708520174026489
66	1.085815349791201	0.4481211304664612	1.0868420352315689	0.4708520174026489
67	1.0861417880836526	0.4481211304664612	1.0867552214673817	0.4708520174026489
68	1.0861793273095661	0.4481211304664612	1.086748184110017	0.4708520174026489
69	1.0860311045315048	0.4481211304664612	1.08733602035206	0.4708520174026489
70	1.0864351378086237	0.4481211304664612	1.0870713308253095	0.4708520174026489
71	1.085985454326925	0.4481211304664612	1.0870821262154344	0.4708520174026489
72	1.0857005571957994	0.4481211304664612	1.087568524974344	0.4708520174026489
73	1.0853834807103895	0.4481211304664612	1.0867859199977241	0.4708520174026489
74	1.0855447453725091	0.4481211304664612	1.086977425444821	0.4708520174026489
75	1.0854641745348559	0.4481211304664612	1.086803086402705	0.4708520174026489
76	1.0856524440457296	0.4481211304664612	1.0870321994405157	0.4708520174026489
77	1.0859143097482233	0.4481211304664612	1.0867733129471406	0.4708520174026489
78	1.085695062336197	0.4481211304664612	1.0874302181427788	0.4708520174026489
79	1.0858909694652374	0.4481211304664612	1.0869733186046104	0.4708520174026489
80	1.0858787430582992	0.4481211304664612	1.0867737595810485	0.4708520174026489
81	1.0855675157508486	0.4481211304664612	1.0867378602113424	0.4708520174026489
82	1.0857300055675538	0.4481211304664612	1.08666779401591	0.4708520174026489
83	1.0856640853710677	0.4481211304664612	1.0867552428502139	0.4708520174026489
84	1.0855212166144883	0.4481211304664612	1.0867884963617196	0.4708520174026489
85	1.0859740122074635	0.4481211304664612	1.0867646609186592	0.4708520174026489
86	1.0854140352948756	0.4481211304664612	1.0871836527046066	0.4708520174026489
87	1.0854045549137032	0.4481211304664612	1.0870560231230184	0.4708520174026489
88	1.0854517888701904	0.4481211304664612	1.086954936051048	0.4708520174026489
89	1.0857426958410377	0.4481211304664612	1.086792217241809	0.4708520174026489
90	1.0856815081798021	0.4481211304664612	1.0866840481758118	0.4708520174026489
91	1.0854286893458427	0.4481211304664612	1.0868703185710138	0.4708520174026489
92	1.085545254168187	0.4481211304664612	1.087069622069731	0.4708520174026489
93	1.0855313305499108	0.4481211304664612	1.0870348073441887	0.4708520174026489
94	1.0854326760708717	0.4481211304664612	1.0868908126792565	0.4708520174026489
95	1.085521719660307	0.4481211304664612	1.0870303960659045	0.4708520174026489
96	1.085491122520177	0.4481211304664612	1.0868041159860757	0.4708520174026489
97	1.0856446415536938	0.4481211304664612	1.087065896913075	0.4708520174026489
98	1.0855118503279053	0.4481211304664612	1.0869478855966987	0.4708520174026489
99	1.085439575768159	0.4481211304664612	1.0870332065719126	0.4708520174026489
100	1.0854878439638498	0.4481211304664612	1.0868264546308817	0.4708520174026489
101	1.0856866188685812	0.4481211304664612	1.0870534494318769	0.4708520174026489
102	1.08633416493288	0.4481211304664612	1.086718277279037	0.4708520174026489
103	1.0854044228675188	0.4481211304664612	1.0866970435920853	0.4708520174026489
104	1.0859243308167343	0.4481211304664612	1.087170811779296	0.4708520174026489
105	1.0857915703794359	0.4481211304664612	1.0869101510454187	0.4708520174026489
106	1.0907962892540906	0.45541223883628845	1.092040916729401	0.4708520174026489
107	1.0860310486709543	0.4481211304664612	1.0870780506476159	0.4708520174026489
108	1.0857720637816228	0.4481211304664612	1.0870178376612643	0.4708520174026489
109	1.086136894619204	0.4481211304664612	1.0868413988250254	0.4708520174026489
110	1.0855762967886846	0.4481211304664612	1.086667337225157	0.4708520174026489
111	1.0855106594384687	0.4481211304664612	1.0867600700245845	0.4708520174026489
112	1.0855198822794372	0.4481211304664612	1.0873278251143315	0.4708520174026489
113	1.0854672677585133	0.4481211304664612	1.0867315541468394	0.4708520174026489
114	1.0855359973963632	0.4481211304664612	1.0871267136971512	0.4708520174026489
115	1.0852658269248916	0.4481211304664612	1.0870732860180294	0.4708520174026489
116	1.0852840643415809	0.4481211304664612	1.0867860750232576	0.4708520174026489
117	1.0855416141061789	0.4481211304664612	1.086609014748458	0.4708520174026489
118	1.0858088849771577	0.4481211304664612	1.0868991848599217	0.4708520174026489
119	1.085921974243639	0.4481211304664612	1.0869966718648048	0.4708520174026489
120	1.0853494154357268	0.4481211304664612	1.086866576842663	0.4708520174026489
121	1.085745679416218	0.4481211304664612	1.0868484268274008	0.4708520174026489
122	1.0857460673311354	0.4481211304664612	1.0870001762437178	0.4708520174026489
123	1.0857109155670954	0.4481211304664612	1.0869436082284012	0.4708520174026489
124	1.0859162404974458	0.4481211304664612	1.0868298611833376	0.4708520174026489
125	1.0851052256026297	0.4481211304664612	1.0868011095598673	0.4708520174026489
126	1.0854667554861765	0.4481211304664612	1.0869249268497587	0.4708520174026489
127	1.0853805891663855	0.4481211304664612	1.0867098863883937	0.4708520174026489
128	1.0856141992586086	0.4481211304664612	1.0866673479165732	0.4708520174026489
129	1.085703054473297	0.4481211304664612	1.0871239128134176	0.4708520174026489
130	1.085514180859487	0.4481211304664612	1.0867221350092524	0.4708520174026489
131	1.085567358732892	0.4481211304664612	1.0868572598080999	0.4708520174026489
132	1.0855070784462348	0.4481211304664612	1.0867924353466976	0.4708520174026489
133	1.0855051673200782	0.4481211304664612	1.086742462865975	0.4708520174026489
134	1.0860447957819255	0.4481211304664612	1.086706869003484	0.4708520174026489
135	1.0858496662879085	0.4481211304664612	1.0867682543036115	0.4708520174026489
136	1.085490262648796	0.4481211304664612	1.0869803754738094	0.4708520174026489
137	1.0853401598005032	0.4481211304664612	1.0867890659469126	0.4708520174026489
138	1.0853209185319475	0.4481211304664612	1.0868855239029958	0.4708520174026489
139	1.0852581802807828	0.4481211304664612	1.086760049176323	0.4708520174026489
140	1.0855888086159577	0.4481211304664612	1.0869245181703782	0.4708520174026489
141	1.085584874241391	0.4481211304664612	1.087005800463159	0.4708520174026489
142	1.0859740491135363	0.4481211304664612	1.0865193113617833	0.4708520174026489
143	1.086299601727099	0.4481211304664612	1.0871716216540657	0.4708520174026489
144	1.0857602056999656	0.4481211304664612	1.0871713091974302	0.4708520174026489
145	1.0856237431556672	0.4481211304664612	1.087096239151976	0.4708520174026489
146	1.085864296537133	0.4481211304664612	1.0867057140632594	0.4708520174026489
147	1.085585857066156	0.4481211304664612	1.0867294356427386	0.4708520174026489
148	1.085587534821575	0.4481211304664612	1.0865608507207691	0.4708520174026489
149	1.085450292369053	0.4481211304664612	1.0869296786496458	0.4708520174026489
150	1.085655582198519	0.4481211304664612	1.0869668112741993	0.4708520174026489
151	1.0857652711253185	0.4481211304664612	1.0868027322495464	0.4708520174026489
152	1.0860892062232659	0.4481211304664612	1.0873113365451317	0.4708520174026489
153	1.085647420808297	0.4481211304664612	1.087168508580982	0.4708520174026489
154	1.0862953739091379	0.4481211304664612	1.0865121927496564	0.4708520174026489
155	1.0855300815601532	0.4481211304664612	1.0867106863736038	0.4708520174026489
156	1.0858547899473001	0.4481211304664612	1.0876098058683454	0.4708520174026489
157	1.085455907975698	0.4481211304664612	1.0867799357448458	0.4708520174026489
158	1.0856133795025238	0.4481211304664612	1.0868485920097797	0.4708520174026489
159	1.0856510033048543	0.4481211304664612	1.0869566354516376	0.4708520174026489
160	1.0862121254422994	0.4481211304664612	1.086971163215124	0.4708520174026489
161	1.0852825244490645	0.4481211304664612	1.0867977503169277	0.4708520174026489
162	1.0857413042414008	0.4481211304664612	1.0871299791229145	0.4708520174026489
163	1.0856238069389887	0.4481211304664612	1.0868076291854072	0.4708520174026489
164	1.0855410481462036	0.4481211304664612	1.0870049750858357	0.4708520174026489
165	1.0854683842675044	0.4481211304664612	1.0870277600972642	0.4708520174026489
166	1.0854503895817884	0.4481211304664612	1.086807459191891	0.4708520174026489
167	1.0856237860790345	0.4481211304664612	1.0873081104103226	0.4708520174026489
168	1.0859389558175407	0.4481211304664612	1.0867244229722985	0.4708520174026489
169	1.0858087974923818	0.4481211304664612	1.0869703725849031	0.4708520174026489
170	1.0852949649379686	0.4481211304664612	1.0872079981282152	0.4708520174026489
171	1.0854962204389202	0.4481211304664612	1.0872929034746281	0.4708520174026489
172	1.085562460287461	0.4481211304664612	1.0869892867691313	0.4708520174026489
173	1.0854184574045898	0.4481211304664612	1.0866428942423765	0.4708520174026489
174	1.0854949085350059	0.4481211304664612	1.0867402510792685	0.4708520174026489
175	1.0857075418706563	0.4481211304664612	1.0875665259468181	0.4708520174026489
176	1.0852230221317247	0.4481211304664612	1.0866152197790788	0.4708520174026489
177	1.0853887188655236	0.4481211304664612	1.0869364201220697	0.4708520174026489
178	1.0855732972342447	0.4481211304664612	1.0871110943400806	0.4708520174026489
179	1.0853552658171448	0.4481211304664612	1.0868894741139605	0.4708520174026489
180	1.0857132054150807	0.4481211304664612	1.0868507669111003	0.4708520174026489
181	1.0856029238182041	0.4481211304664612	1.0866268311915377	0.4708520174026489
182	1.0860064803918827	0.4481211304664612	1.086884927856548	0.4708520174026489
183	1.0856468067099656	0.4481211304664612	1.0868549801309013	0.4708520174026489
184	1.0853484794121409	0.4481211304664612	1.0867125354540188	0.4708520174026489
185	1.085363331966967	0.4481211304664612	1.0870634817221774	0.4708520174026489
186	1.0857056065081747	0.4481211304664612	1.0869463110183921	0.4708520174026489
187	1.0860046444150482	0.4481211304664612	1.0869489432450368	0.4708520174026489
188	1.0858037656301605	0.4481211304664612	1.0872820094561897	0.4708520174026489
189	1.0854561375689118	0.4481211304664612	1.0868701926795892	0.4708520174026489
190	1.0855473197716645	0.4481211304664612	1.0869671999071746	0.4708520174026489
191	1.085405006444795	0.4481211304664612	1.0868477003456767	0.4708520174026489
192	1.0853754004533547	0.4481211304664612	1.0871357674555928	0.4708520174026489
193	1.0854932840660725	0.4481211304664612	1.086914635559903	0.4708520174026489
194	1.0857005214931854	0.4481211304664612	1.0868099192867364	0.4708520174026489
195	1.0857979461709502	0.4481211304664612	1.0870942697931298	0.4708520174026489
196	1.0857353835579258	0.4481211304664612	1.0872458855667457	0.4708520174026489
197	1.0856979743055728	0.4481211304664612	1.0870750757610852	0.4708520174026489
198	1.0859005091836194	0.4481211304664612	1.086782976650871	0.4708520174026489
199	1.085589208364888	0.4481211304664612	1.086897627655166	0.4708520174026489
200	1.0860038532411123	0.4481211304664612	1.086803474233824	0.4708520174026489
201	1.085415069266644	0.4481211304664612	1.0868475282138774	0.4708520174026489
202	1.0856647859847217	0.4481211304664612	1.0868754806539938	0.4708520174026489
203	1.0854301196567409	0.4481211304664612	1.0869887305482087	0.4708520174026489
204	1.085924191683514	0.4481211304664612	1.0870903342828622	0.4708520174026489
205	1.0856793259745292	0.4481211304664612	1.0872033500350644	0.4708520174026489
206	1.0854948125257293	0.4481211304664612	1.0870440281560068	0.4708520174026489
207	1.0852001965279934	0.4481211304664612	1.087021878214695	0.4708520174026489
208	1.0854008038660414	0.4481211304664612	1.0870475140922273	0.4708520174026489
209	1.0855883543102245	0.4481211304664612	1.0868825190804998	0.4708520174026489
210	1.08544003475401	0.4481211304664612	1.0873786491663466	0.4708520174026489
211	1.0856590035987315	0.4481211304664612	1.0868405357604605	0.4708520174026489
212	1.0856966513699517	0.4481211304664612	1.0869124235059113	0.4708520174026489
213	1.085333527170803	0.4481211304664612	1.08684995008691	0.4708520174026489
214	1.0856580675417162	0.4481211304664612	1.086841579242672	0.4708520174026489
215	1.0856282890879299	0.4481211304664612	1.0869187108604363	0.4708520174026489
216	1.0857689254951157	0.4481211304664612	1.086984932422638	0.4708520174026489
217	1.0856487439444944	0.4481211304664612	1.0871315823007592	0.4708520174026489
218	1.0856907690634436	0.4481211304664612	1.0867183008001524	0.4708520174026489
219	1.085719187274383	0.4481211304664612	1.0868029230913239	0.4708520174026489
220	1.085140927547962	0.4481211304664612	1.0871503280951837	0.4708520174026489
221	1.085831205495876	0.4481211304664612	1.0868902505780549	0.4708520174026489
222	1.085478871709767	0.4481211304664612	1.0867421025652522	0.4708520174026489
223	1.0855657628461075	0.4481211304664612	1.0867241631708873	0.4708520174026489
224	1.0854679732194323	0.4481211304664612	1.0868767751171984	0.4708520174026489
225	1.0854292013507443	0.4481211304664612	1.0870899480554554	0.4708520174026489
226	1.0856060725681178	0.4481211304664612	1.0868873320887442	0.4708520174026489
227	1.0854995867808883	0.4481211304664612	1.0873717676363719	0.4708520174026489
228	1.0855799954524552	0.4481211304664612	1.086635840313317	0.4708520174026489
229	1.0855462991048028	0.4481211304664612	1.087493099172019	0.4708520174026489
230	1.0857096027271573	0.4481211304664612	1.0871614289925238	0.4708520174026489
231	1.0853488817685653	0.4481211304664612	1.0869043437354768	0.4708520174026489
232	1.0857423925693959	0.4481211304664612	1.0865935875695918	0.4708520174026489
233	1.0856493883967333	0.4481211304664612	1.0867554192585795	0.4708520174026489
234	1.0860359198045544	0.4481211304664612	1.0871048799544707	0.4708520174026489
235	1.0853118767446839	0.4481211304664612	1.086842358646906	0.4708520174026489
236	1.08560895110808	0.4481211304664612	1.0872203103629998	0.4708520174026489
237	1.0852749326291942	0.4481211304664612	1.0868774385195676	0.4708520174026489
238	1.0854371626324957	0.4481211304664612	1.0871228051827093	0.4708520174026489
239	1.0853884863639507	0.4481211304664612	1.0866908770505623	0.4708520174026489
240	1.085193391502806	0.4481211304664612	1.0868806641198059	0.4708520174026489
241	1.08538934292582	0.4481211304664612	1.087048466697402	0.4708520174026489
242	1.0854525453778243	0.4481211304664612	1.0868905210708824	0.4708520174026489
243	1.0852225486040783	0.4481211304664612	1.0870489336450004	0.4708520174026489
244	1.085461237259414	0.4481211304664612	1.0870329203092464	0.4708520174026489
245	1.0857598722081336	0.4481211304664612	1.0871495529675164	0.4708520174026489
246	1.0854600322293353	0.4481211304664612	1.0868936063462844	0.4708520174026489
247	1.0854125375234205	0.4481211304664612	1.0867851766770196	0.4708520174026489
248	1.085665550916568	0.4481211304664612	1.0869959167835423	0.4708520174026489
249	1.0854150070879343	0.4481211304664612	1.0871227509237726	0.4708520174026489
250	1.0856867988859744	0.4481211304664612	1.086967570097457	0.4708520174026489
251	1.0854624475044812	0.4481211304664612	1.0867382766419997	0.4708520174026489
252	1.0859262596939097	0.4481211304664612	1.087149961112326	0.4708520174026489
253	1.0853901594058222	0.4481211304664612	1.086876211144999	0.4708520174026489
254	1.0855348315455575	0.4481211304664612	1.0869390437955813	0.4708520174026489
255	1.085343560875632	0.4481211304664612	1.087290156582546	0.4708520174026489
256	1.08543280504155	0.4481211304664612	1.0872961194525919	0.4708520174026489
257	1.085411389223057	0.4481211304664612	1.0867352549805236	0.4708520174026489
258	1.0854447511094243	0.4481211304664612	1.0869481470018225	0.4708520174026489
259	1.0855372430097503	0.4481211304664612	1.0869733472041485	0.4708520174026489
260	1.0855281593688606	0.4481211304664612	1.086952622963174	0.4708520174026489
261	1.0854303299946124	0.4481211304664612	1.08672325199495	0.4708520174026489
262	1.08542785407851	0.4481211304664612	1.0865561339352698	0.4708520174026489
263	1.0852189348844485	0.4481211304664612	1.0869915766031752	0.4708520174026489
264	1.085479625810483	0.4481211304664612	1.0867617432312047	0.4708520174026489
265	1.0857417144871668	0.4481211304664612	1.0871592551603446	0.4708520174026489
266	1.0862384217546284	0.4481211304664612	1.0869634528331158	0.4708520174026489
267	1.0856847600928867	0.4481211304664612	1.0868392715005062	0.4708520174026489
268	1.0856218393505521	0.4481211304664612	1.0868954864318061	0.4708520174026489
269	1.085459548840012	0.4481211304664612	1.087230803987905	0.4708520174026489
270	1.085251155156335	0.4481211304664612	1.0869908084249282	0.4708520174026489
271	1.085483214725488	0.4481211304664612	1.0870076912400968	0.4708520174026489
272	1.0859969447853186	0.4481211304664612	1.087015716217024	0.4708520174026489
273	1.085478369867407	0.4481211304664612	1.0866842486398638	0.4708520174026489
274	1.085592315628899	0.4481211304664612	1.087011356257537	0.4708520174026489
275	1.0855357932429333	0.4481211304664612	1.0870807911248486	0.4708520174026489
276	1.08556298840534	0.4481211304664612	1.0868651949771317	0.4708520174026489
277	1.0855240835878732	0.4481211304664612	1.0867437260567874	0.4708520174026489
278	1.0858007563811904	0.4481211304664612	1.086980897214915	0.4708520174026489
279	1.0856291695184006	0.4481211304664612	1.0869001329212444	0.4708520174026489
280	1.0854621525901926	0.4481211304664612	1.0869001620553533	0.4708520174026489
281	1.0856148570157542	0.4481211304664612	1.086947636753989	0.4708520174026489
282	1.0854146491926304	0.4481211304664612	1.087286778629628	0.4708520174026489
283	1.0853230404974166	0.4481211304664612	1.0867879163523961	0.4708520174026489
284	1.085490667412138	0.4481211304664612	1.086975604963944	0.4708520174026489
285	1.0855138515129026	0.4481211304664612	1.0868860178464197	0.4708520174026489
286	1.0854017684049173	0.4481211304664612	1.0866887074949496	0.4708520174026489
287	1.085798571300988	0.4481211304664612	1.086975863161643	0.4708520174026489
288	1.0856279932376178	0.4481211304664612	1.0868771463766227	0.4708520174026489
289	1.0857239778430958	0.4481211304664612	1.086853753023618	0.4708520174026489
290	1.08568942403098	0.4481211304664612	1.0870543694282326	0.4708520174026489
291	1.0857369022896233	0.4481211304664612	1.0868011841324947	0.4708520174026489
292	1.0856507967110771	0.4481211304664612	1.087310607657839	0.4708520174026489
293	1.0854029454211471	0.4481211304664612	1.0867430030497736	0.4708520174026489
294	1.085711604346737	0.4481211304664612	1.087080668708134	0.4708520174026489
295	1.0853372204524376	0.4481211304664612	1.0867517382040153	0.4708520174026489
296	1.08524072544667	0.4481211304664612	1.0870247157165287	0.4708520174026489
297	1.0852395593618585	0.4481211304664612	1.0870575899500483	0.4708520174026489
298	1.085432249912705	0.4481211304664612	1.0870521969324805	0.4708520174026489
299	1.085338661694754	0.4481211304664612	1.086780356184784	0.4708520174026489
300	1.085199275881938	0.4481211304664612	1.0868858767197271	0.4708520174026489
301	1.0851826687843293	0.4481211304664612	1.086916453902497	0.4708520174026489
302	1.0853166178378642	0.4481211304664612	1.0870890708247642	0.4708520174026489
303	1.0856644335718417	0.4481211304664612	1.0868568022154907	0.4708520174026489
304	1.0854435263225621	0.4481211304664612	1.0872110916894648	0.4708520174026489
305	1.0854912095369413	0.4481211304664612	1.0869517016303913	0.4708520174026489
306	1.0855563703842934	0.4481211304664612	1.0871021734224842	0.4708520174026489
307	1.0855871477089634	0.4481211304664612	1.0871217491380838	0.4708520174026489
308	1.085400247667455	0.4481211304664612	1.087085942249127	0.4708520174026489
309	1.085654458970216	0.4481211304664612	1.0872027831227256	0.4708520174026489
310	1.0854172811572362	0.4481211304664612	1.0869562663304966	0.4708520174026489
311	1.0852184564426783	0.4481211304664612	1.0871636276822454	0.4708520174026489
312	1.0857856868026101	0.4481211304664612	1.0871777775041727	0.4708520174026489
313	1.0859206973068913	0.4481211304664612	1.087050148457155	0.4708520174026489
314	1.0852293346413586	0.4481211304664612	1.0870863450482287	0.4708520174026489
315	1.085560667401141	0.4481211304664612	1.0872638281685354	0.4708520174026489
316	1.0855021324976066	0.4481211304664612	1.086842345282636	0.4708520174026489
317	1.085555921159831	0.4481211304664612	1.086781273775571	0.4708520174026489
318	1.0857144593523917	0.4481211304664612	1.0870424875229463	0.4708520174026489
319	1.085492272792876	0.4481211304664612	1.0869210156624627	0.4708520174026489
320	1.0854003451476255	0.4481211304664612	1.0872133104255917	0.4708520174026489
321	1.0851706815648468	0.4481211304664612	1.0868396443636428	0.4708520174026489
322	1.0857851804807088	0.4481211304664612	1.0868371778539478	0.4708520174026489
323	1.0851158730046373	0.4481211304664612	1.086864414503756	0.4708520174026489
324	1.0855639373995385	0.4481211304664612	1.0870080234758523	0.4708520174026489
325	1.0856710077334975	0.4481211304664612	1.0867826409404053	0.4708520174026489
326	1.085459036233381	0.4481211304664612	1.086937130032099	0.4708520174026489
327	1.0857894832474158	0.4481211304664612	1.0872004438408822	0.4708520174026489
328	1.0855593885254873	0.4481211304664612	1.0867334246100866	0.4708520174026489
329	1.0855260065146128	0.4481211304664612	1.0869682925699002	0.4708520174026489
330	1.085485854378859	0.4481211304664612	1.0868929688705993	0.4708520174026489
331	1.0857220870085933	0.4481211304664612	1.0868964104374428	0.4708520174026489
332	1.0852953791618347	0.4481211304664612	1.0868159767758152	0.4708520174026489
333	1.0853797222748274	0.4481211304664612	1.0867059949802176	0.4708520174026489
334	1.0857124826711546	0.4481211304664612	1.0871142902716393	0.4708520174026489
335	1.0852956348634208	0.4481211304664612	1.0869146133752148	0.4708520174026489
336	1.0857398864665329	0.4481211304664612	1.0869753908683366	0.4708520174026489
337	1.0853152800595833	0.4481211304664612	1.0867314838507784	0.4708520174026489
338	1.0851773104504527	0.4481211304664612	1.087132208283172	0.4708520174026489
339	1.085647807319179	0.4481211304664612	1.086941446958636	0.4708520174026489
340	1.0853629699264158	0.4481211304664612	1.0866222087577855	0.4708520174026489
341	1.0855943416519507	0.4481211304664612	1.0868065105959974	0.4708520174026489
342	1.0858050463110025	0.4481211304664612	1.0873177137075518	0.4708520174026489
343	1.0854633538427476	0.4481211304664612	1.0867759425009313	0.4708520174026489
344	1.085458905256938	0.4481211304664612	1.0870512472674452	0.4708520174026489
345	1.0853434285620125	0.4481211304664612	1.0869511903134161	0.4708520174026489
346	1.0852416340581366	0.4481211304664612	1.086959487921454	0.4708520174026489
347	1.0855441528361498	0.4481211304664612	1.0870617718974571	0.4708520174026489
348	1.0851430467053604	0.4481211304664612	1.0866917767332274	0.4708520174026489
349	1.0855307447997224	0.4481211304664612	1.0868644040796254	0.4708520174026489
350	1.085336326616772	0.4481211304664612	1.0866773684463158	0.4708520174026489
351	1.0855325637609854	0.4481211304664612	1.0871295581484055	0.4708520174026489
352	1.0854758198717238	0.4481211304664612	1.0869321748280205	0.4708520174026489
353	1.0859592408861127	0.4481211304664612	1.0870508353806396	0.4708520174026489
354	1.0855131245568703	0.4481211304664612	1.0868602071642341	0.4708520174026489
355	1.0856996463111326	0.4481211304664612	1.0869404847311868	0.4708520174026489
356	1.0854524944982566	0.4481211304664612	1.0870339696717368	0.4708520174026489
357	1.085627656269127	0.4481211304664612	1.0866769653799289	0.4708520174026489
358	1.085467221291628	0.4481211304664612	1.08688816254449	0.4708520174026489
359	1.0853561819502295	0.4481211304664612	1.0868189594136226	0.4708520174026489
360	1.0853776853872161	0.4481211304664612	1.0870184115230235	0.4708520174026489
361	1.0860052245825245	0.4481211304664612	1.087078030868496	0.4708520174026489
362	1.0852499228144254	0.4481211304664612	1.086884718037507	0.4708520174026489
363	1.0856523571292538	0.4481211304664612	1.0869693515546652	0.4708520174026489
364	1.0854501602560098	0.4481211304664612	1.0869888706057595	0.4708520174026489
365	1.0857859220453947	0.4481211304664612	1.0868211471446427	0.4708520174026489
366	1.0855658751689379	0.4481211304664612	1.0870762486094316	0.4708520174026489
367	1.085463686331697	0.4481211304664612	1.0870191048613578	0.4708520174026489
368	1.0854476436228813	0.4481211304664612	1.0871323643778472	0.4708520174026489
369	1.0854359740496886	0.4481211304664612	1.0870635685899332	0.4708520174026489
370	1.0853951679343128	0.4481211304664612	1.0868715959279527	0.4708520174026489
371	1.085251625107034	0.4481211304664612	1.0867677106451026	0.4708520174026489
372	1.085567376751346	0.4481211304664612	1.0869991290195107	0.4708520174026489
373	1.0855086941566616	0.4481211304664612	1.0870233616486793	0.4708520174026489
374	1.0854133006500783	0.4481211304664612	1.0868082209552885	0.4708520174026489
375	1.0852994347848854	0.4481211304664612	1.0869147970002864	0.4708520174026489
376	1.0855027885832815	0.4481211304664612	1.0870127202149464	0.4708520174026489
377	1.0851540431773068	0.4481211304664612	1.0870491041730872	0.4708520174026489
378	1.0852656718124116	0.4481211304664612	1.0870210902573283	0.4708520174026489
379	1.085454473720129	0.4481211304664612	1.0867505690976644	0.4708520174026489
380	1.085359943962739	0.4481211304664612	1.086787471589486	0.4708520174026489
381	1.0855843718307312	0.4481211304664612	1.0869545263025258	0.4708520174026489
382	1.0852875913453115	0.4481211304664612	1.0870863642927777	0.4708520174026489
383	1.0853964889978869	0.4481211304664612	1.086799556364393	0.4708520174026489
384	1.085537923498897	0.4481211304664612	1.0871279188870315	0.4708520174026489
385	1.0853103368521673	0.4481211304664612	1.0867867659560233	0.4708520174026489
386	1.085472089416581	0.4481211304664612	1.0871282516573577	0.4708520174026489
387	1.0855598825787935	0.4481211304664612	1.0871049775136425	0.4708520174026489
388	1.085428282108724	0.4481211304664612	1.0870608478918204	0.4708520174026489
389	1.085655355012223	0.4481211304664612	1.0872570466033011	0.4708520174026489
390	1.085302153231385	0.4481211304664612	1.0867825677042051	0.4708520174026489
391	1.0854238900854825	0.4481211304664612	1.086787954039638	0.4708520174026489
392	1.0855228629462583	0.4481211304664612	1.0867963852903768	0.4708520174026489
393	1.0854142335981583	0.4481211304664612	1.0869563964984876	0.4708520174026489
394	1.0852187961523811	0.4481211304664612	1.0867118290186997	0.4708520174026489
395	1.0855781522548673	0.4481211304664612	1.0867915484937316	0.4708520174026489
396	1.085557314631515	0.4481211304664612	1.0868626469453888	0.4708520174026489
397	1.085265769593447	0.4481211304664612	1.0871240090361625	0.4708520174026489
398	1.0855720098006612	0.4481211304664612	1.0867869739040665	0.4708520174026489
399	1.0854478533590235	0.4481211304664612	1.0869944988344817	0.4708520174026489
400	1.0858969926432953	0.4481211304664612	1.0869771009603424	0.4708520174026489
401	1.0853607646548473	0.4481211304664612	1.0869052043944731	0.4708520174026489
402	1.0857070154576776	0.4481211304664612	1.0870924423628323	0.4708520174026489
403	1.0853569749962126	0.4481211304664612	1.086751111954317	0.4708520174026489
404	1.0855782488993027	0.4481211304664612	1.0870300079675	0.4708520174026489
405	1.0854408894772618	0.4481211304664612	1.087015516554828	0.4708520174026489
406	1.0853314887788679	0.4481211304664612	1.0868754918799806	0.4708520174026489
407	1.085624880491183	0.4481211304664612	1.0867565643092443	0.4708520174026489
408	1.0854785382847938	0.4481211304664612	1.0868575752048748	0.4708520174026489
409	1.0851767886841626	0.4481211304664612	1.0868095397414648	0.4708520174026489
410	1.0853095529324142	0.4481211304664612	1.087023046786475	0.4708520174026489
411	1.0854822892655969	0.4481211304664612	1.0871130391086699	0.4708520174026489
412	1.0853822774520698	0.4481211304664612	1.086735427914179	0.4708520174026489
413	1.085413396859931	0.4481211304664612	1.0870272519877138	0.4708520174026489
414	1.0852012181977375	0.4481211304664612	1.0869462209432115	0.4708520174026489
415	1.0854602574098664	0.4481211304664612	1.0868451036679905	0.4708520174026489
416	1.0855314803136846	0.4481211304664612	1.0869670689373272	0.4708520174026489
417	1.085583268894082	0.4481211304664612	1.0867501620219961	0.4708520174026489
418	1.0853720596514589	0.4481211304664612	1.0867801295267627	0.4708520174026489
419	1.0853722700561892	0.4481211304664612	1.0870384501769403	0.4708520174026489
420	1.085424205124278	0.4481211304664612	1.086861715455761	0.4708520174026489
421	1.0857493864707712	0.4481211304664612	1.0868933823611169	0.4708520174026489
422	1.085393213316489	0.4481211304664612	1.086923824297473	0.4708520174026489
423	1.085267976369339	0.4481211304664612	1.0869208411250948	0.4708520174026489
424	1.0857569855448241	0.4481211304664612	1.0869396777965563	0.4708520174026489
425	1.0852330476463476	0.4481211304664612	1.08692617266702	0.4708520174026489
426	1.0855820477844556	0.4481211304664612	1.087057087186206	0.4708520174026489
427	1.0852790092124875	0.4481211304664612	1.0867792204891085	0.4708520174026489
428	1.085266190503196	0.4481211304664612	1.0869654588100621	0.4708520174026489
429	1.0854435657024115	0.4481211304664612	1.0871518104600264	0.4708520174026489
430	1.0852666690118247	0.4481211304664612	1.0869568957876197	0.4708520174026489
431	1.0853733194054878	0.4481211304664612	1.0867684948604737	0.4708520174026489
432	1.0851704193779543	0.4481211304664612	1.0867242695504775	0.4708520174026489
433	1.0854293680966602	0.4481211304664612	1.0869491338195287	0.4708520174026489
434	1.0855287849000512	0.4481211304664612	1.0868521145641001	0.4708520174026489
435	1.0854823749786138	0.4481211304664612	1.0870215753803338	0.4708520174026489
436	1.0853011679662725	0.4481211304664612	1.0866470548069531	0.4708520174026489
437	1.085355597871512	0.4481211304664612	1.086831856468868	0.4708520174026489
438	1.0853137413036669	0.4481211304664612	1.087018665444156	0.4708520174026489
439	1.085795956786536	0.4481211304664612	1.086965796658811	0.4708520174026489
440	1.0856142691595128	0.4481211304664612	1.0868514581111515	0.4708520174026489
441	1.08521159445377	0.4481211304664612	1.0867319681719279	0.4708520174026489
442	1.0855911636513	0.4481211304664612	1.0869544006783867	0.4708520174026489
443	1.0852666434717526	0.4481211304664612	1.0869326607528824	0.4708520174026489
444	1.0854482261638458	0.4481211304664612	1.0869336980875297	0.4708520174026489
445	1.0854251630107004	0.4481211304664612	1.0872943032482814	0.4708520174026489
446	1.0856817007332256	0.4481211304664612	1.0872043820240038	0.4708520174026489
447	1.0854791700338555	0.4481211304664612	1.0867787909614666	0.4708520174026489
448	1.0851801685316136	0.4481211304664612	1.0870427163192509	0.4708520174026489
449	1.0856882720868104	0.4481211304664612	1.0870711135222773	0.4708520174026489
450	1.0856756229315057	0.4481211304664612	1.0869351069488868	0.4708520174026489
451	1.0851384809160258	0.4481211304664612	1.0866934854888062	0.4708520174026489
452	1.0852251709075837	0.4481211304664612	1.086868874695269	0.4708520174026489
453	1.0853752572417459	0.4481211304664612	1.086907929101867	0.4708520174026489
454	1.0849196550823368	0.4481211304664612	1.0935235881484677	0.4708520174026489
455	1.087754959479785	0.4481211304664612	1.087492490295872	0.4708520174026489
456	1.0855636055123183	0.4481211304664612	1.0866779690366155	0.4708520174026489
457	1.0861938614157967	0.4481211304664612	1.0861149064093962	0.4708520174026489
458	1.0858818286600502	0.4481211304664612	1.086796907298768	0.4708520174026489
459	1.0858637343881108	0.4481211304664612	1.086990520023979	0.4708520174026489
460	1.085280811826767	0.4481211304664612	1.0867153809744146	0.4708520174026489
461	1.0854785621533953	0.4481211304664612	1.086875128906404	0.4708520174026489
462	1.0854612011890765	0.4481211304664612	1.0868402144834066	0.4708520174026489
463	1.085947120918428	0.4481211304664612	1.0867851673220306	0.4708520174026489
464	1.085417724431263	0.4481211304664612	1.0865664546265197	0.4708520174026489
465	1.0852306461441203	0.4481211304664612	1.0870599524857218	0.4708520174026489
466	1.0861251029617922	0.4481211304664612	1.0871314577457616	0.4708520174026489
467	1.0856547831686707	0.4481211304664612	1.0864678623964967	0.4708520174026489
468	1.0852544817507301	0.4481211304664612	1.086689829826355	0.4708520174026489
469	1.085687635590772	0.4481211304664612	1.0868252301964525	0.4708520174026489
470	1.0854267747764565	0.4481211304664612	1.0866541258422784	0.4708520174026489
471	1.0851934152042606	0.4481211304664612	1.0868544220389806	0.4708520174026489
472	1.0855831763614647	0.4481211304664612	1.0866543311174675	0.4708520174026489
473	1.085353556404071	0.4481211304664612	1.0868442761523842	0.4708520174026489
474	1.0856325169058911	0.4481211304664612	1.086750210935225	0.4708520174026489
475	1.0853952686237072	0.4481211304664612	1.0867493168655533	0.4708520174026489
476	1.0854839175789128	0.4481211304664612	1.0867263709483126	0.4708520174026489
477	1.0854792291704884	0.4481211304664612	1.0870155756249023	0.4708520174026489
478	1.0855319141271873	0.4481211304664612	1.086996731202164	0.4708520174026489
479	1.0853007376294288	0.4481211304664612	1.0868142407571253	0.4708520174026489
480	1.085468473758045	0.4481211304664612	1.087182306388034	0.4708520174026489
481	1.0857283838398324	0.4481211304664612	1.087202446877689	0.4708520174026489
482	1.0852838296002374	0.4481211304664612	1.0868721323697557	0.4708520174026489
483	1.0858419045797574	0.4481211304664612	1.0874168683060617	0.4708520174026489
484	1.0854348647948804	0.4481211304664612	1.0870516981779192	0.4708520174026489
485	1.0856184493405594	0.4481211304664612	1.086926144067482	0.4708520174026489
486	1.0857028765285275	0.4481211304664612	1.0867961180049743	0.4708520174026489
487	1.085852671625637	0.4481211304664612	1.0871693409077254	0.4708520174026489
488	1.0858133511468393	0.4481211304664612	1.0869080186424769	0.4708520174026489
489	1.0854794751775445	0.4481211304664612	1.0869154531859497	0.4708520174026489
490	1.0853448467714628	0.4481211304664612	1.0867536794978943	0.4708520174026489
491	1.0855524705088815	0.4481211304664612	1.0870394843041629	0.4708520174026489
492	1.0856727766174985	0.4481211304664612	1.0872471434118502	0.4708520174026489
493	1.0854974142032865	0.4481211304664612	1.0868167115433869	0.4708520174026489
494	1.0853998229133233	0.4481211304664612	1.0868295848102314	0.4708520174026489
495	1.085100587004032	0.4481211304664612	1.0866728304747508	0.4708520174026489
496	1.0856541761573753	0.4481211304664612	1.0870890077454092	0.4708520174026489
497	1.085479678963251	0.4481211304664612	1.086858765694058	0.4708520174026489
498	1.0860189541764829	0.4481211304664612	1.087089105839152	0.4708520174026489
499	1.0854167442808509	0.4481211304664612	1.087184428366845	0.4708520174026489
