epoch	loss	acc	val_loss	val_acc
0	3.2298452351191274	0.12739725410938263	12.845735549926758	0.09836065769195557
1	2.8126653619008524	0.1595890372991562	3.4642292788771334	0.1420765072107315
2	2.5516180567545432	0.20068493485450745	6.505813757578532	0.1147540956735611
3	2.4642733351825035	0.2143835574388504	4.733295886242976	0.08196721225976944
4	2.43715537868134	0.20205479860305786	5.321772369530683	0.10928961634635925
5	2.35093099515732	0.22054794430732727	3.3805808226267495	0.1530054658651352
6	2.2023732381324246	0.25547945499420166	2.3192391043803733	0.21584700047969818
7	2.0664761987451006	0.2924657464027405	2.3895008101489377	0.23770491778850555
8	1.9957197548591927	0.341095894575119	4.092881802001286	0.10382513701915741
9	1.9353919055363904	0.357534259557724	2.2725610772117237	0.26229506731033325
10	2.030361208197189	0.3212328851222992	8.390531274138905	0.09836065769195557
11	2.1562722023219276	0.2760274112224579	2.3827596818163097	0.2185792326927185
12	1.9729813350390082	0.33493149280548096	2.0600018735791816	0.2814207673072815
13	1.8758280754089356	0.3650684952735901	2.2321784548420722	0.3306010961532593
14	1.7208049944002335	0.41643837094306946	3.141508381223418	0.14480873942375183
15	1.778602082435399	0.39657533168792725	3.0048304034061117	0.1803278625011444
16	2.0285868834142815	0.3294520676136017	3.2508241218295906	0.24043716490268707
17	1.8636868738148311	0.3910958766937256	2.8483048377792692	0.2322404384613037
18	1.6123084153214546	0.47123289108276367	2.2675522663554206	0.2704918086528778
19	1.4670266497625064	0.517808198928833	2.2793692239646703	0.28961747884750366
20	1.3521114996034804	0.5527397394180298	2.5347316734126357	0.27595627307891846
21	1.206734432586252	0.6082192063331604	2.4094790826078323	0.2786885201931
22	1.1022640979453309	0.6321917772293091	1.8494211090067045	0.4098360538482666
23	1.0165171621596976	0.6712328791618347	1.509238550571796	0.5601093173027039
24	0.9700416777231922	0.6780821681022644	1.3615030024221035	0.5710382461547852
25	0.9507441491296846	0.6698629856109619	2.0116706741312163	0.5546448230743408
26	0.8323837954704075	0.7136986255645752	1.304086423962494	0.5901639461517334
27	0.8770546775974639	0.7027397155761719	1.3684352460454723	0.5655737519264221
28	0.801440778823748	0.7198629975318909	1.4064508171680847	0.568306028842926
29	0.7534301764344515	0.7438356280326843	1.5284054425896192	0.6202185750007629
30	0.7111868539901629	0.7568492889404297	1.1367051368528376	0.6775956153869629
31	0.6880820338040182	0.7643835544586182	0.9863955160307754	0.6803278923034668
32	0.6431139191536054	0.7780821919441223	1.0149368923869941	0.6775956153869629
33	0.607392555883486	0.7958903908729553	1.0673134164080593	0.6830601096153259
34	0.6014676025469009	0.7917808294296265	1.0249211179102704	0.688524603843689
35	0.5963978548572488	0.7965753674507141	0.997772083256414	0.7021858096122742
36	0.5767977286691535	0.7972602844238281	0.9167858111402376	0.6994535326957703
37	0.5856411668535781	0.801369845867157	0.9292125850101638	0.7240437269210815
38	0.5658141474201255	0.8034246563911438	1.0003350766304413	0.7158470153808594
39	0.579694508036522	0.8020548224449158	1.1097779078561751	0.6693989038467407
40	0.5664834575293816	0.8109589219093323	0.8518447928089913	0.7267759442329407
41	0.6181729179539093	0.7815068364143372	3.6124310519525915	0.3442623019218445
42	0.963280415861574	0.6849315166473389	2.6153368454813304	0.4972677528858185
43	1.0090175079972776	0.6479452252388	1.9133164465753107	0.4972677528858185
44	0.7477451210152612	0.7479451894760132	1.0331961343197222	0.6748633980751038
45	0.601714248853187	0.800684928894043	0.9388132414531186	0.688524603843689
46	0.5768259874761921	0.800000011920929	0.9289409052478811	0.6994535326957703
47	0.5662779207098974	0.8047945499420166	0.9228809306530353	0.7185792326927185
48	0.5450652628728788	0.8130136728286743	0.9594650047072948	0.7185792326927185
49	0.537517939201773	0.8123287558555603	0.9079544133827334	0.7267759442329407
50	0.534735543433934	0.8109589219093323	0.9696704160646011	0.7349726557731628
51	1.8756686981410196	0.4636986255645752	6.020859840789128	0.2295081913471222
52	1.6985855657760411	0.4404109716415405	9.127743512554899	0.17213115096092224
53	1.5774328112602234	0.47671231627464294	1.4871884037236698	0.4863387942314148
54	1.144291294764166	0.6171233057975769	1.3940487158754484	0.5573770403862
55	0.987301190911907	0.6602739691734314	1.7898230077139015	0.46994534134864807
56	0.8424779423295635	0.7143835425376892	1.1284727962290655	0.6229507923126221
57	0.8085069433467029	0.71712327003479	1.0768459872469875	0.6448087692260742
58	0.8850876063516695	0.7027397155761719	13.45706421560277	0.24043716490268707
59	0.9504420683808523	0.6787671446800232	1.1563172252451788	0.631147563457489
60	0.7164863601122817	0.748630166053772	1.1008158850539578	0.6803278923034668
61	0.6430762748195701	0.7767123579978943	0.921626054849781	0.6912568211555481
62	1.2785899802430036	0.5787671208381653	2.9557413468595413	0.35245901346206665
63	1.0834482062352846	0.6068493127822876	1.493382614818427	0.5519125461578369
64	0.850975833363729	0.6972602605819702	1.0501182655819128	0.6775956153869629
65	0.7324981235478022	0.7383561730384827	0.9454507930356948	0.7158470153808594
66	0.7517359989963166	0.7356164455413818	1.1181075458969574	0.6393442749977112
67	0.6797285702130565	0.7595890164375305	1.172374667039986	0.6612021923065186
68	0.6424366107542221	0.7780821919441223	6.447015865578678	0.7131147384643555
69	0.6048316901677275	0.7760273814201355	5.492964637409794	0.693989098072052
70	0.5993822957554908	0.7883561849594116	0.9124699511814639	0.7185792326927185
71	0.5578145530125866	0.8020548224449158	0.9711530294900383	0.7267759442329407
72	0.5661238103696745	0.8041095733642578	0.9744030665504476	0.7240437269210815
73	0.536207155577124	0.8109589219093323	0.985531647674373	0.7213114500045776
74	0.5319622715858564	0.8089041113853455	0.9237905395486967	0.748633861541748
75	0.5249004354215648	0.8212328553199768	0.8989741382051687	0.7131147384643555
76	0.5335936191963823	0.8075342178344727	0.9074692584452082	0.751366138458252
77	0.5170766809215285	0.8143835663795471	2.9972232534585754	0.7404371500015259
78	0.5114771877249626	0.8219178318977356	1.1699092927200547	0.7595628499984741
79	0.5108366286101407	0.8239725828170776	0.9037126086123003	0.7540983557701111
80	0.4956090602156234	0.8328767418861389	0.8265174798301009	0.748633861541748
81	0.5080406951577696	0.8232876658439636	0.861985759331229	0.748633861541748
82	0.4985126400647098	0.8191781044006348	0.8498471972069453	0.7540983557701111
83	0.4782170605986086	0.8253424763679504	0.9297360281149546	0.7595628499984741
84	0.9187169764139881	0.6979451775550842	6.338129397298469	0.5819672346115112
85	0.7454353177384154	0.733561635017395	1.058524293000581	0.6803278923034668
86	0.597895023267563	0.7945205569267273	3.0985526949004396	0.7158470153808594
87	0.5341409331315184	0.8102739453315735	0.8838205860286462	0.7240437269210815
88	0.5332275493504249	0.8095890283584595	0.8639458185010921	0.7459016442298889
89	0.5049756788227656	0.8246575593948364	4.694608184483533	0.7131147384643555
90	0.503269457980378	0.8246575593948364	8.315086607398882	0.688524603843689
91	0.47716928549008825	0.8280822038650513	0.9517701484792219	0.7540983557701111
92	0.4703095116027414	0.8273972868919373	3.328775826536241	0.7431694269180298
93	0.4576402966290304	0.8376712203025818	0.8814721613959536	0.7295082211494446
94	0.4677902358035519	0.834931492805481	0.9862434316854007	0.7377049326896667
95	0.4534379136888948	0.8410958647727966	0.8823720856768186	0.7595628499984741
96	0.45679092243926167	0.8369863033294678	0.9653120314488646	0.6967213153839111
97	0.45152814616895703	0.8438355922698975	0.9493778139515653	0.7349726557731628
98	0.4652282037147104	0.834931492805481	0.8608702593813828	0.7568305730819702
99	0.42521098215286046	0.8458904027938843	0.9002596779924924	0.7622950673103333
100	0.42502863031544097	0.8547945022583008	1.1028210535401204	0.751366138458252
101	0.44113586324535004	0.8452054858207703	2.3817128123807128	0.748633861541748
102	0.4394979473662703	0.8445205688476562	0.9776129178662117	0.7349726557731628
103	0.4294157133526998	0.8458904027938843	1.2158760065263738	0.7431694269180298
104	0.43961688851656977	0.8424657583236694	1.6324059946940896	0.6366119980812073
105	0.475829893268951	0.8280822038650513	2.860368732220488	0.7322404384613037
106	0.4161831494063547	0.8534246683120728	0.9050618283084182	0.7322404384613037
107	0.41755315996196174	0.8527397513389587	1.1795488314224722	0.7540983557701111
108	0.40958596688427334	0.8616438508033752	0.8875216574616771	0.7295082211494446
109	0.40926990476373126	0.8527397513389587	0.9053614351267372	0.7459016442298889
110	0.4108190458114833	0.8527397513389587	0.8671122181936691	0.7595628499984741
111	0.4025067628246464	0.8609589338302612	0.8766371602080559	0.751366138458252
112	0.38289389822581044	0.8684931397438049	5.16402343843804	0.7377049326896667
113	0.40447999826849323	0.8561643958091736	5.363934979412725	0.7459016442298889
114	0.37667213909021796	0.8719177842140198	1.7256419242568355	0.7568305730819702
115	0.35825614684248624	0.8746575117111206	1.2000562566551354	0.7431694269180298
116	0.5577031251502363	0.8034246563911438	1.0118443518062759	0.7267759442329407
117	0.4642543797623621	0.8342465758323669	0.9714088047462734	0.7377049326896667
118	0.4342543033704366	0.8479452133178711	0.9962741542057912	0.7377049326896667
119	0.41750164750504165	0.8500000238418579	1.0773928971564184	0.7158470153808594
120	0.5728324981584941	0.800684928894043	0.9980949108066455	0.7267759442329407
121	1.4390791566404577	0.6123287677764893	6.2180527207629925	0.36612021923065186
122	1.3282507876827292	0.5589041113853455	1.7879288219363312	0.5327869057655334
123	0.9017173541735296	0.6863013505935669	1.103150467077891	0.6803278923034668
124	0.7126707926188429	0.7452054619789124	0.9861006386618797	0.7021858096122742
