epoch	loss	acc	val_loss	val_acc
0	1.9906611646093972	0.2195121943950653	9.518407216886194	0.19512194395065308
1	1.8507401129094565	0.23475609719753265	11.042969401289778	0.09756097197532654
2	1.7648950408144695	0.23780487477779388	5.675049083988841	0.23170731961727142
3	1.6631160218541214	0.3018292784690857	7.028181983203423	0.09756097197532654
4	1.6486466396145705	0.25304877758026123	2.3674032571839123	0.2804878056049347
5	1.5899941223423655	0.2896341383457184	2.547869786983583	0.2926829159259796
6	1.4797377324685819	0.375	2.583417305132238	0.3048780560493469
7	1.488016913576824	0.3353658616542816	2.592610091697879	0.3658536672592163
8	1.3410840499691847	0.45121949911117554	1.6491753473514463	0.3048780560493469
9	1.2774495555133354	0.4908536672592163	1.5469566583633423	0.40243902802467346
10	1.171369904425086	0.5457317233085632	1.5332076491379156	0.2804878056049347
11	0.9835610767690147	0.6371951103210449	1.4589206794413125	0.26829269528388977
12	0.8344604096761564	0.6920731663703918	1.4658446544554176	0.3048780560493469
13	0.7994758690275797	0.6646341681480408	2.7419013279240305	0.2073170691728592
14	0.8528125402404041	0.6737805008888245	5.038470750901757	0.25609755516052246
15	0.7555033026671991	0.7134146094322205	3.5317736137204054	0.31707316637039185
16	0.8697421143694621	0.6493902206420898	2.859143902615803	0.24390244483947754
17	0.8396993308532529	0.7103658318519592	2.8535284414523985	0.37804877758026123
18	0.6339866017423025	0.7591463327407837	2.0167378623311114	0.2804878056049347
19	0.44421407289621306	0.8536585569381714	1.62206938790112	0.353658527135849
20	0.3646801223115223	0.8689024448394775	1.5221517493085164	0.5365853905677795
21	0.2732023066136895	0.9237805008888245	1.2786188416364717	0.5
22	0.17668490002794965	0.9298780560493469	1.0544183225166508	0.5853658318519592
23	0.18013621684981557	0.9542682766914368	0.6747727394104004	0.7560975551605225
24	0.18914732082587918	0.9359756112098694	1.1744499991579753	0.5731707215309143
25	0.1067390518217552	0.9695122241973877	0.7487068452486177	0.7560975551605225
26	0.14649911188497777	0.9481707215309143	1.2155064722386801	0.5853658318519592
27	0.13168292456283803	0.9634146094322205	0.9523732371446563	0.6707317233085632
28	0.11738856388937409	0.9695122241973877	0.625348464744847	0.8414633870124817
29	0.09223317136851752	0.9725610017776489	0.9747081209973592	0.6829268336296082
30	0.11863020871107172	0.9695122241973877	0.571524185378377	0.8292682766914368
31	0.07942857043590487	0.9725610017776489	0.6099898931456775	0.8292682766914368
32	0.045122043388645824	0.9878048896789551	1.206050009262271	0.6707317233085632
33	0.03529365642405138	0.9939024448394775	1.1283687847416575	0.5731707215309143
34	0.09668115817192124	0.9756097793579102	0.7334903304169818	0.8292682766914368
35	0.19948544171525212	0.9237805008888245	1.24935778757421	0.5975610017776489
36	0.3357932654822745	0.8719512224197388	1.254233174207734	0.6341463327407837
37	0.2664436872412519	0.9085366129875183	1.0845370307201292	0.6341463327407837
38	0.23647268807015767	0.9146341681480408	0.8511348119596156	0.7804877758026123
39	0.13217350985945725	0.9512194991111755	0.9515244611879674	0.7439024448394775
40	0.08316844774455559	0.9756097793579102	0.7134244441986084	0.8292682766914368
41	0.10601935790079396	0.9786585569381714	0.9248395634860527	0.6341463327407837
42	0.09384579738465751	0.9695122241973877	0.5169138864773076	0.8414633870124817
43	0.14299118137214242	0.9756097793579102	0.5460772063673996	0.8048780560493469
44	0.09473994174381582	0.9756097793579102	0.6647243586982169	0.7804877758026123
45	0.050922696728531905	0.9878048896789551	0.60139540055903	0.8414633870124817
46	0.05939407729566461	0.9939024448394775	0.8055312648052122	0.792682945728302
47	0.03876351519692235	0.9908536672592163	0.5752308397758298	0.8048780560493469
48	0.02637383132809546	0.9908536672592163	0.4468238353729248	0.8536585569381714
49	0.05906274578556782	0.9756097793579102	0.7296827915238171	0.8414633870124817
50	0.05558298691743758	0.9817073345184326	0.37251816726312403	0.9024389982223511
51	0.07306715419016234	0.9695122241973877	0.9547396026006559	0.7195122241973877
52	0.06558922476067049	0.9878048896789551	0.7489754397694658	0.8414633870124817
53	0.05126798698088018	0.9847561120986938	0.9041408096871725	0.7682926654815674
54	0.03872206984314977	0.9878048896789551	0.9068148310591535	0.7682926654815674
55	0.038744768900115314	0.9908536672592163	0.5888068617844	0.8048780560493469
56	0.03951108487459218	0.9878048896789551	0.6753533787843657	0.8170731663703918
57	0.04104058270160926	0.9878048896789551	0.8698351528586411	0.8292682766914368
58	0.02209806842899813	0.9908536672592163	0.901558262545888	0.8292682766914368
59	0.01589141704323815	0.9969512224197388	0.8463194195817156	0.8658536672592163
60	0.020257630510391984	0.9969512224197388	0.5267081057153097	0.8658536672592163
61	0.013840605243586185	0.9969512224197388	0.628349961304083	0.8292682766914368
62	0.013389579661434697	0.9939024448394775	0.6260070742630377	0.8658536672592163
63	0.02647517026379341	0.9939024448394775	0.5184459104770567	0.8780487775802612
64	0.01644968984239712	0.9969512224197388	0.5572067499160767	0.8414633870124817
65	0.033772551091160716	0.9939024448394775	1.126095885183753	0.7682926654815674
66	0.05299972810941499	0.9817073345184326	0.7963976365763966	0.8536585569381714
67	0.035584035982582266	0.9878048896789551	0.6722992629539676	0.8170731663703918
68	0.02018887118050238	0.9878048896789551	0.6722426995998476	0.8048780560493469
69	0.019081374176028298	0.9969512224197388	0.4004084133520359	0.8902438879013062
70	0.028100265015737244	0.9939024448394775	0.5064312772053045	0.8780487775802612
71	0.03562439329604187	0.9908536672592163	0.6366725113333725	0.8658536672592163
72	0.022080446479887498	0.9939024448394775	0.6023104685108837	0.8658536672592163
73	0.02232198503504439	0.9939024448394775	0.6335843888724723	0.8780487775802612
74	0.020628019247385786	0.9939024448394775	0.43800150185096554	0.8780487775802612
75	0.045028341019798704	0.9939024448394775	0.42200349743773297	0.8902438879013062
76	0.04158638840223231	0.9908536672592163	0.5083629329030107	0.8658536672592163
77	0.0439552616941311	0.9847561120986938	0.9501864212315257	0.8048780560493469
78	0.04535271854298871	0.9878048896789551	0.6931518839626778	0.8780487775802612
79	0.06983474037814431	0.9756097793579102	1.0431281822483713	0.7682926654815674
80	0.07145881071323301	0.9817073345184326	0.4927289747610325	0.9268292784690857
81	0.04660729028102828	0.9908536672592163	0.693816972941887	0.8414633870124817
82	0.07556412986865858	0.9817073345184326	0.5913657211675877	0.8414633870124817
83	0.05923829218599855	0.9908536672592163	0.600741165440257	0.8536585569381714
84	0.05301312220896163	0.9847561120986938	1.0318078064337008	0.707317054271698
85	0.06188125449528054	0.9817073345184326	0.5103169156283867	0.8780487775802612
86	0.027472580351480622	0.9908536672592163	0.525291663844411	0.9024389982223511
87	0.026069668922346176	0.9939024448394775	0.6371614642259551	0.9146341681480408
88	0.04812006192372703	0.9878048896789551	0.7965432027491127	0.8780487775802612
89	0.04410646506017301	0.9939024448394775	0.6536765214873523	0.8902438879013062
90	0.012165915340230597	0.9969512224197388	0.6806431572611739	0.8658536672592163
91	0.020913852037998233	0.9878048896789551	0.7820167076296922	0.8780487775802612
92	0.009834680887984067	1.0	0.5637458243021151	0.8780487775802612
93	0.018349242578374177	0.9939024448394775	0.5317092523342226	0.8902438879013062
94	0.009622145989319174	0.9969512224197388	0.5427840221218947	0.8780487775802612
95	0.013095204406077178	0.9939024448394775	0.5806777506339841	0.8780487775802612
96	0.023673765043296466	0.9939024448394775	0.6870942173934564	0.9024389982223511
97	0.01152555931291384	0.9939024448394775	0.9380963081266822	0.9024389982223511
98	0.015238457758309001	0.9969512224197388	0.8157568443112257	0.8780487775802612
99	0.019831392175813273	0.9908536672592163	0.6925484436314281	0.8658536672592163
100	0.02570483687606345	0.9939024448394775	0.6922441284830977	0.8536585569381714
101	0.038258085697435024	0.9847561120986938	0.6418332006873154	0.8414633870124817
102	0.08972146323450454	0.9695122241973877	1.1310465016016147	0.792682945728302
103	0.06199603600472939	0.9847561120986938	1.098132261415807	0.7682926654815674
104	0.0736951586313364	0.9786585569381714	3.0558660146666736	0.5243902206420898
105	0.9742554469806392	0.6646341681480408	6.5244610949260435	0.4146341383457184
106	0.8730075068590117	0.667682945728302	7.672210228152391	0.40243902802467346
107	0.4977345495689206	0.8262194991111755	2.1967870723910448	0.707317054271698
108	0.31551001220941544	0.8993902206420898	3.625788967783858	0.47560974955558777
109	0.2180133076702676	0.9237805008888245	1.0806148052215576	0.8170731663703918
110	0.18594466731315706	0.9390243887901306	0.8468872512259135	0.8536585569381714
111	0.14880712966366513	0.957317054271698	0.7687808391524524	0.8536585569381714
112	0.10726698706062829	0.9695122241973877	1.0322067504975854	0.8414633870124817
113	0.07031847173120917	0.9847561120986938	0.6556355400783259	0.8536585569381714
114	0.04441164724710511	0.9908536672592163	0.5353948372166332	0.8780487775802612
115	0.11273978155378889	0.9603658318519592	0.5912923260432917	0.8658536672592163
116	0.08685699959353703	0.9817073345184326	0.5395765973300468	0.8658536672592163
117	0.04133631220859725	0.9847561120986938	0.5801861518766822	0.8902438879013062
118	0.039714519752234945	0.9847561120986938	0.5209744732554366	0.8658536672592163
119	0.04144757581738437	0.9908536672592163	0.743344420340003	0.8292682766914368
120	0.04101769430790006	0.9817073345184326	1.5146044056590011	0.6951219439506531
121	0.0845568900155585	0.9725610017776489	1.3356540319396228	0.6829268336296082
122	0.15812434147043927	0.9512194991111755	0.5017280578613281	0.8414633870124817
123	0.13980369233503576	0.9542682766914368	0.7657396909667225	0.8414633870124817
124	0.0830825829833019	0.9603658318519592	1.519625064803333	0.7317073345184326
125	0.09608833800728728	0.9725610017776489	0.6939218044281006	0.8780487775802612
126	0.05016262338655751	0.9817073345184326	0.9051678296996326	0.8048780560493469
127	0.0330606921144375	0.9878048896789551	1.2590088698922135	0.7682926654815674
128	0.015619251377335408	0.9939024448394775	0.65237178453585	0.8780487775802612
129	0.038263210299901845	0.9847561120986938	0.7698060041520653	0.8170731663703918
130	0.029621250061609317	0.9939024448394775	0.6610732311155738	0.8414633870124817
131	0.022781384768100772	0.9969512224197388	0.9849470272296812	0.7560975551605225
132	0.0334153313689479	0.9939024448394775	0.7069457187885191	0.8780487775802612
133	0.01251334495978748	1.0	0.6158422086297012	0.8414633870124817
134	0.02715790084358759	0.9908536672592163	0.6217890512652513	0.8780487775802612
135	0.022749270755434182	0.9908536672592163	0.5575558499592107	0.8902438879013062
136	0.023456980423184066	0.9939024448394775	1.129254649325115	0.7804877758026123
137	0.022747357035192046	0.9969512224197388	0.5540291507069658	0.8780487775802612
138	0.01454618837820684	0.9969512224197388	0.5838561814005782	0.9024389982223511
139	0.010839220533919771	0.9969512224197388	0.6409566373359866	0.792682945728302
140	0.01544354258604893	0.9969512224197388	0.4047260226272955	0.9024389982223511
141	0.027368611542553437	0.9878048896789551	1.3077700370695533	0.8048780560493469
142	0.03811445033813759	0.9878048896789551	0.7128091556269948	0.8414633870124817
143	0.02414393554464346	0.9908536672592163	0.7246062174075987	0.8170731663703918
144	0.009683343525067336	0.9969512224197388	0.7208061567166957	0.8292682766914368
145	0.007032802998565319	1.0	0.6518413729783965	0.8536585569381714
146	0.014216271765024697	0.9939024448394775	0.8612040630201014	0.8292682766914368
147	0.030903358330450405	0.9908536672592163	0.6763821520456453	0.8414633870124817
148	0.017553719601071462	0.9939024448394775	0.5322786569595337	0.8658536672592163
149	0.010680090954027525	0.9969512224197388	0.4852426052093506	0.8658536672592163
150	0.03970792902656263	0.9908536672592163	1.0407978499807962	0.7560975551605225
151	0.20451861765326523	0.9603658318519592	1.2705681091401635	0.8048780560493469
152	0.14760426277431046	0.9481707215309143	0.966105589052526	0.792682945728302
153	0.07143380629216753	0.9756097793579102	1.1206977745381796	0.7682926654815674
154	0.07129034540820413	0.9725610017776489	0.7551053558907858	0.8414633870124817
155	0.04071963501230973	0.9817073345184326	1.1380548767927217	0.7682926654815674
156	0.038584789306652253	0.9908536672592163	0.7476937421938268	0.8658536672592163
157	0.04863814177934262	0.9847561120986938	0.7324057352252122	0.8414633870124817
158	0.03525380393853638	0.9908536672592163	0.8801037160361685	0.8414633870124817
159	0.03123503010265711	0.9939024448394775	0.9087628329672465	0.8048780560493469
160	0.048177449220064575	0.9725610017776489	3.6008760870956795	0.5853658318519592
161	0.810284229313455	0.7652438879013062	4.840524859544708	0.353658527135849
162	0.543874920868292	0.8170731663703918	7.500940113532834	0.39024388790130615
163	0.3757256959996572	0.8780487775802612	1.0455065413219173	0.8048780560493469
164	0.2217906853411256	0.9359756112098694	1.7048935948348627	0.6585366129875183
165	0.1418445462860712	0.957317054271698	2.425190739515351	0.5853658318519592
166	0.18135190973194634	0.9390243887901306	1.0203931913143252	0.7439024448394775
167	0.08062470540767763	0.9786585569381714	0.6594191760551639	0.8658536672592163
168	0.06575408323508937	0.9786585569381714	0.7522651625842582	0.8170731663703918
169	0.05238762457014584	0.9878048896789551	0.863735507174236	0.8292682766914368
170	0.07226382295896368	0.9847561120986938	0.6499712467193604	0.8536585569381714
171	0.0836132503137356	0.9725610017776489	1.0706452567402909	0.7804877758026123
172	0.08914980655763208	0.9634146094322205	0.693444013595581	0.8536585569381714
173	0.0752605622316279	0.9786585569381714	0.49735473423469356	0.8658536672592163
174	0.0690705729421319	0.9786585569381714	2.9838121751459634	0.6097561120986938
175	0.2667022954399993	0.8932926654815674	2.5008351977278545	0.5731707215309143
176	0.13622898626618268	0.9542682766914368	1.0841630551873185	0.7317073345184326
177	0.12359359133534314	0.957317054271698	0.8261336902292763	0.8536585569381714
178	0.07701217037875478	0.9756097793579102	1.0892082132944247	0.8048780560493469
179	0.04687409484531821	0.9786585569381714	0.5921492867353486	0.8658536672592163
180	0.04809393547475338	0.9847561120986938	0.5402455707875694	0.8658536672592163
181	0.04475652567315393	0.9817073345184326	0.42105445338458547	0.8902438879013062
182	0.020634305776982772	0.9969512224197388	0.42743482822325174	0.8902438879013062
183	0.030226922469077315	0.9939024448394775	0.4718968228596013	0.9146341681480408
184	0.02177984851253469	0.9939024448394775	0.4669306917888362	0.8780487775802612
185	0.016268171052016864	0.9939024448394775	0.3682553826308832	0.9146341681480408
186	0.01655475690211283	0.9908536672592163	0.6430927834859709	0.8658536672592163
187	0.018149004635832657	0.9939024448394775	0.40353290046133644	0.8902438879013062
188	0.031928220286783646	0.9908536672592163	0.9811961272867714	0.7560975551605225
189	0.04527127626919892	0.9847561120986938	0.6031516586861959	0.8902438879013062
190	0.029917288264941153	0.9908536672592163	0.8779436437095084	0.8536585569381714
191	0.026299056477799284	0.9908536672592163	0.3678599785013897	0.9268292784690857
192	0.013959301025152387	0.9969512224197388	0.3913538950245555	0.9024389982223511
193	0.02347447741322401	0.9939024448394775	0.404085768432152	0.8902438879013062
194	0.03137387544280145	0.9908536672592163	0.3850690940531289	0.9146341681480408
195	0.011140025942018482	0.9969512224197388	0.38149616194934377	0.9024389982223511
196	0.016793208969075504	0.9969512224197388	0.42689338544519934	0.9024389982223511
197	0.007571956710662783	1.0	0.4414197788005922	0.9024389982223511
198	0.013474642418370378	0.9939024448394775	0.42236984066846894	0.9024389982223511
199	0.004227591809112488	1.0	0.42155541152488896	0.9024389982223511
200	0.01138523878052649	0.9939024448394775	0.46587888787432413	0.9024389982223511
201	0.0074561193511571465	0.9969512224197388	0.37732417699767323	0.9268292784690857
202	0.02131711192451781	0.9939024448394775	0.36323087680630567	0.9390243887901306
203	0.02444259652288676	0.9908536672592163	0.48044964743823537	0.8902438879013062
204	0.009716918203616288	0.9969512224197388	0.47959560301245713	0.9024389982223511
205	0.013217663375388196	0.9969512224197388	0.47384615642268485	0.9024389982223511
206	0.01590967428211759	0.9939024448394775	0.5008372097480588	0.8780487775802612
207	0.012003909881658307	0.9908536672592163	0.43426621541744326	0.9146341681480408
208	0.013266920909944286	0.9969512224197388	0.3792535938867709	0.9390243887901306
209	0.028408136389150126	0.9908536672592163	0.35282729020932824	0.9268292784690857
210	0.0522452218162759	0.9786585569381714	0.5958629613969384	0.9146341681480408
211	0.07848605822499205	0.9725610017776489	0.8217633090368132	0.792682945728302
212	0.08743088465274834	0.9695122241973877	1.054765349481164	0.792682945728302
213	0.10510786278627632	0.9756097793579102	0.7728520544563852	0.8414633870124817
214	0.049441508221917035	0.9817073345184326	0.7877952674540077	0.8414633870124817
215	0.049385735696953974	0.9908536672592163	0.8228578015071589	0.8414633870124817
216	0.03607619924061909	0.9908536672592163	0.5259758757381905	0.8902438879013062
217	0.007688335392896722	1.0	0.43320879122106043	0.9024389982223511
218	0.02000443445427752	0.9908536672592163	0.40664147167671016	0.9024389982223511
219	0.016920014500345398	0.9969512224197388	0.4376688119841785	0.9024389982223511
220	0.02139910187844823	0.9969512224197388	0.4631855080767376	0.9024389982223511
221	0.00967619068375448	0.9939024448394775	0.4625687831785621	0.9268292784690857
222	0.020527774907461164	0.9939024448394775	0.5169186126895067	0.9024389982223511
223	0.009306744513351744	0.9969512224197388	0.5089339977357445	0.8902438879013062
224	0.007892756234491018	0.9969512224197388	0.5870336875682924	0.8536585569381714
225	0.013328379741301986	0.9969512224197388	0.4939290634015711	0.9268292784690857
226	0.031918385824211304	0.9969512224197388	0.4676981902704006	0.9268292784690857
227	0.028464521923125152	0.9939024448394775	0.46682773276073175	0.9146341681480408
228	0.009943059244528187	0.9969512224197388	0.4921058852498124	0.9146341681480408
229	0.025879351410833074	0.9939024448394775	0.46870389508038035	0.9146341681480408
230	0.015415055279778997	0.9969512224197388	0.9399740056293767	0.7560975551605225
231	0.017655491119068934	0.9939024448394775	0.48558577386344354	0.8902438879013062
232	0.017572861868979002	0.9908536672592163	0.5264361340825151	0.8902438879013062
233	0.014842030387826083	0.9969512224197388	0.6642631059739648	0.8658536672592163
234	0.027808419667275215	0.9908536672592163	0.6067741789468905	0.8780487775802612
235	0.01788443824412619	0.9908536672592163	1.2997217352797346	0.7682926654815674
236	0.020206458594014005	0.9939024448394775	0.9495617761844541	0.792682945728302
237	0.012572448910781887	0.9969512224197388	0.624799923198979	0.8780487775802612
238	0.013594259118956582	0.9939024448394775	0.5267447843784239	0.8780487775802612
239	0.002677200610533629	1.0	0.5521190806132991	0.8780487775802612
240	0.008213242095690675	0.9969512224197388	1.0647345665024548	0.8536585569381714
241	0.016640742434325013	0.9939024448394775	0.5371898819760579	0.8902438879013062
242	0.038419811253822066	0.9878048896789551	0.6545789067338152	0.8780487775802612
243	0.015601211511416406	0.9908536672592163	1.204955979091365	0.8048780560493469
244	0.030443207088221864	0.9908536672592163	1.0364015334989967	0.792682945728302
245	0.015972259431713966	1.0	0.8251616286068428	0.8292682766914368
246	0.03844246394909555	0.9908536672592163	0.5910490256984059	0.9024389982223511
247	0.023763964986201466	0.9908536672592163	0.5893031678548674	0.9146341681480408
248	0.010999068084013899	0.9969512224197388	0.5640258265704643	0.9268292784690857
249	0.021750232531325665	0.9939024448394775	0.6299026012420654	0.8414633870124817
250	0.023330406887774786	0.9939024448394775	0.4464328986842458	0.8902438879013062
251	0.014511637188062617	0.9908536672592163	0.4802190123534784	0.8780487775802612
252	0.010169925511723793	0.9969512224197388	0.42515156908733087	0.9024389982223511
253	0.019245311915988057	0.9939024448394775	0.46707609223156443	0.9268292784690857
254	0.020700988081488306	0.9939024448394775	0.5139684037464421	0.9146341681480408
255	0.015266259308768118	0.9969512224197388	0.5665718927616026	0.9146341681480408
256	0.018368705073598682	0.9908536672592163	0.8412087923142968	0.8536585569381714
257	0.015765218240231638	0.9939024448394775	0.5515796847459746	0.8780487775802612
258	0.007864674815919431	0.9969512224197388	0.5541459729031819	0.8902438879013062
259	0.007022370104450823	0.9939024448394775	0.5163592158294306	0.8902438879013062
260	0.010070082850799692	0.9969512224197388	0.4604258013934624	0.8902438879013062
261	0.0021975754941927226	1.0	0.5382119737020353	0.8536585569381714
262	0.0351612018875596	0.9939024448394775	0.7089207288695545	0.9024389982223511
263	0.055694894876512815	0.9847561120986938	1.116318865520198	0.8292682766914368
264	0.03176355069906383	0.9939024448394775	0.7440288241316633	0.8292682766914368
265	0.030269165421131908	0.9908536672592163	0.6621275326100792	0.8658536672592163
266	0.018021668307483196	0.9939024448394775	0.577673432303638	0.8536585569381714
267	0.022109622766104776	0.9939024448394775	0.5095235545460771	0.8780487775802612
268	0.019707598081767197	0.9939024448394775	0.4767696508547155	0.9024389982223511
269	0.01408854765510868	0.9939024448394775	0.5139358421651329	0.8902438879013062
270	0.01726715905001251	0.9908536672592163	0.7411227487936253	0.8170731663703918
271	0.020203738109912814	0.9908536672592163	1.0252637892234615	0.7804877758026123
272	0.02165653894473685	0.9939024448394775	0.6514705913822826	0.8780487775802612
273	0.01578399493563466	0.9939024448394775	1.23884327237199	0.8536585569381714
274	0.0196114286678139	0.9939024448394775	0.7569435718582898	0.8780487775802612
275	0.0504337709578799	0.9908536672592163	1.109872364416355	0.8048780560493469
276	0.06781446079087512	0.9817073345184326	0.9787713347411737	0.792682945728302
277	0.08804585972641844	0.9725610017776489	0.8578103751671023	0.8170731663703918
278	0.024274947172848553	0.9939024448394775	0.7352952869927011	0.8292682766914368
279	0.01133073394459377	1.0	0.9225298631482008	0.8536585569381714
280	0.007773693702070088	0.9969512224197388	0.9146684262810684	0.8414633870124817
281	0.029635284959179598	0.9908536672592163	0.6438213964787926	0.8902438879013062
282	0.019451326849620518	0.9908536672592163	0.9330852962121731	0.7682926654815674
283	0.019851735952060398	0.9908536672592163	0.8778500556945801	0.8414633870124817
284	0.03188699146550966	0.9878048896789551	0.6591161198732329	0.9024389982223511
285	0.013953724944191734	0.9969512224197388	0.6598037742986912	0.8780487775802612
286	0.016795335950829635	0.9908536672592163	0.5157509693285314	0.8902438879013062
287	0.024296471234354213	0.9878048896789551	0.5152851343154907	0.9024389982223511
288	0.0048903739647712646	1.0	0.5552866080912148	0.9146341681480408
289	0.005591602967597726	0.9969512224197388	0.5869265940131211	0.8902438879013062
290	0.020104893080027	0.9939024448394775	1.0057814702755068	0.8902438879013062
291	0.03135495368822864	0.9878048896789551	1.0983162507778261	0.792682945728302
292	0.022807802096372697	0.9908536672592163	0.7000052492793013	0.8658536672592163
293	0.017691118688118165	0.9908536672592163	0.6112069996391855	0.9024389982223511
294	0.01679463500565872	0.9939024448394775	0.8020444468754094	0.8048780560493469
295	0.02425504716045064	0.9908536672592163	0.6126982119025254	0.8780487775802612
296	0.005290452146720959	1.0	0.4977200612789247	0.9146341681480408
297	0.014612465395546722	0.9939024448394775	0.6319009065628052	0.8902438879013062
298	0.011997382786719798	0.9939024448394775	0.5331097230678652	0.9146341681480408
299	0.017344642510047047	0.9939024448394775	0.5909499307958092	0.8658536672592163
300	0.010511290114486545	0.9969512224197388	0.7011625592301531	0.8414633870124817
301	0.011665214398285238	0.9969512224197388	0.5685573089413527	0.8658536672592163
302	0.00948967287677522	0.9969512224197388	0.5238563578303267	0.9146341681480408
303	0.022800275492311523	0.9969512224197388	0.5435212908721552	0.9146341681480408
304	0.013735415303594114	0.9939024448394775	0.5563009483058278	0.9024389982223511
305	0.0356497330230479	0.9847561120986938	0.5411800000725723	0.9024389982223511
306	0.07206342846904767	0.9695122241973877	0.73023944366269	0.8170731663703918
307	0.047403970051829405	0.9878048896789551	1.3065871727175828	0.792682945728302
308	0.041860914221260606	0.9939024448394775	0.8823907084581328	0.8292682766914368
309	0.032702245113508006	0.9817073345184326	0.6124426242781849	0.8780487775802612
310	0.009338273507792776	0.9969512224197388	0.4893402529925835	0.9146341681480408
311	0.016160441287111763	0.9969512224197388	0.43119998676020926	0.9268292784690857
312	0.009327707450166799	0.9939024448394775	0.4625563127238576	0.9146341681480408
313	0.009609551151941826	0.9939024448394775	0.5004294383816603	0.9146341681480408
314	0.01628786102278022	0.9969512224197388	0.5013658855019546	0.9146341681480408
315	0.005644013041846182	0.9969512224197388	0.49220278495695535	0.9024389982223511
316	0.01258628857719553	0.9939024448394775	0.5160537056806611	0.9024389982223511
317	0.0347545983428817	0.9908536672592163	0.7602103279858101	0.9024389982223511
318	0.016982270597775535	0.9939024448394775	0.6816453584810582	0.8048780560493469
319	0.027192196263590963	0.9908536672592163	1.039139805770502	0.8170731663703918
320	0.03840235909219922	0.9878048896789551	1.1247817597738126	0.8292682766914368
321	0.012412344434911885	0.9969512224197388	0.7129968084940096	0.8658536672592163
322	0.02254873112116645	0.9939024448394775	1.1995504483944033	0.7560975551605225
323	0.03703148797063566	0.9939024448394775	0.5120920786043492	0.9146341681480408
324	0.05736488324203869	0.9725610017776489	1.4580167270288236	0.7682926654815674
325	0.04297923363699782	0.9847561120986938	0.5910479339157663	0.8048780560493469
326	0.036124642506786965	0.9878048896789551	0.6427818144240031	0.8536585569381714
327	0.010279350488151356	0.9969512224197388	0.9428155102380892	0.7804877758026123
328	0.030701293337454156	0.9939024448394775	0.5770941856430798	0.8780487775802612
329	0.03972157571328486	0.9939024448394775	0.7647137438378683	0.8780487775802612
330	0.010291103330418104	1.0	0.6207255532101887	0.9024389982223511
331	0.030103476076364155	0.9939024448394775	0.6326245767314259	0.8414633870124817
332	0.018066359090437068	0.9939024448394775	0.5627938334534808	0.8536585569381714
333	0.0077672491599692075	1.0	0.5160249675192484	0.8658536672592163
334	0.030890075115078106	0.9908536672592163	0.550728646720328	0.8658536672592163
335	0.03379948754374665	0.9878048896789551	0.9205177004744367	0.8292682766914368
336	0.009458921710597125	1.0	0.9244916206452904	0.8170731663703918
337	0.009305395938387914	0.9969512224197388	0.7390554794451085	0.8780487775802612
338	0.012667000685568626	0.9939024448394775	0.5936929627162654	0.8902438879013062
339	0.006062497126460984	0.9969512224197388	0.5691705680475002	0.8902438879013062
340	0.025736123351834533	0.9969512224197388	0.5779190179778309	0.8780487775802612
341	0.034043017570383666	0.9939024448394775	0.6106075862558876	0.8780487775802612
342	0.008795913923588559	0.9939024448394775	0.6356276128350234	0.9024389982223511
343	0.01681288840851133	0.9908536672592163	0.7015751425812884	0.8902438879013062
344	0.018888367825505754	0.9939024448394775	1.459870547783084	0.792682945728302
345	0.02012544602337407	0.9939024448394775	1.0344832815775058	0.8536585569381714
346	0.013859013424868264	0.9969512224197388	0.7820493506222237	0.8658536672592163
347	0.035071975562903215	0.9908536672592163	0.6591392406603185	0.8902438879013062
348	0.01941429041098894	0.9939024448394775	1.1272224594907063	0.7804877758026123
349	0.024133347741487187	0.9939024448394775	0.8402061055346233	0.8048780560493469
350	0.020169860172289902	0.9969512224197388	0.7496543599338066	0.8414633870124817
351	0.00487261783990373	1.0	0.6530169074128314	0.8658536672592163
352	0.01266500522615388	0.9939024448394775	0.6340907434137856	0.8780487775802612
353	0.022080890553231102	0.9939024448394775	0.6710070487929554	0.8780487775802612
354	0.009042528565836752	0.9939024448394775	0.6564709529644106	0.8902438879013062
355	0.010700366055882513	0.9969512224197388	0.6689858203980981	0.8780487775802612
356	0.004394311069584701	1.0	0.6882246965315284	0.8780487775802612
357	0.005769745628463059	0.9969512224197388	0.6850332515995677	0.8780487775802612
358	0.019518678445687016	0.9908536672592163	0.6826001522017688	0.8780487775802612
359	0.011806795737001954	0.9939024448394775	0.7114606514209654	0.8292682766914368
360	0.012769082538420108	0.9939024448394775	0.555173455215082	0.8902438879013062
361	0.013029261730702185	0.9939024448394775	0.5358671182539405	0.9146341681480408
362	0.010417773788681299	0.9939024448394775	0.5895110659483003	0.9024389982223511
363	0.018676114024412705	0.9939024448394775	0.6508004171092335	0.9024389982223511
364	0.006178350794049571	1.0	0.6293833662823933	0.9024389982223511
365	0.004608140563416272	1.0	0.6931512152276388	0.8658536672592163
366	0.012484622304327786	0.9939024448394775	0.6828506516247261	0.8414633870124817
367	0.016741715081990127	0.9939024448394775	0.6946896140168353	0.8414633870124817
368	0.011131158365481874	0.9939024448394775	0.5893796566056042	0.8658536672592163
369	0.018063452157260077	0.9939024448394775	0.6158399291154815	0.8170731663703918
370	0.02837246029194808	0.9878048896789551	0.4420703882124366	0.8658536672592163
371	0.016403496225659803	0.9969512224197388	0.49706354373838846	0.9146341681480408
372	0.00843363356344947	0.9939024448394775	0.8520059149439742	0.8902438879013062
373	0.013458658721036755	0.9939024448394775	0.9193904516173572	0.8658536672592163
374	0.02100840057303175	0.9878048896789551	0.3842754422164545	0.9024389982223511
375	0.01672298376016864	0.9939024448394775	0.9425325451827631	0.8170731663703918
376	0.016448389670652586	0.9908536672592163	1.3128594654362375	0.7560975551605225
377	0.032725568258816874	0.9847561120986938	0.5331911313824538	0.8902438879013062
378	0.026768605721682857	0.9908536672592163	0.37396771442599414	0.9268292784690857
379	0.023369901858997053	0.9939024448394775	0.5957805703325969	0.9024389982223511
380	0.02660609478760573	0.9908536672592163	0.7719592059530863	0.8658536672592163
381	0.010262976661068955	0.9939024448394775	0.69467904800322	0.8414633870124817
382	0.015121292206458747	0.9939024448394775	1.0895770468362949	0.8658536672592163
383	0.00720439970538747	0.9969512224197388	0.9671849884637972	0.8170731663703918
384	0.025986145983063955	0.9908536672592163	0.7389928480473961	0.8536585569381714
385	0.017016160618457035	0.9969512224197388	0.6190954097887365	0.8414633870124817
386	0.007376572034866889	0.9969512224197388	0.5419890473528606	0.8658536672592163
387	0.005608036772705751	0.9969512224197388	0.462812223085543	0.9024389982223511
388	0.012301595156115093	0.9969512224197388	0.4640832674212572	0.9268292784690857
389	0.0034120110141840285	1.0	0.442031633563158	0.9268292784690857
390	0.007610032935456441	0.9969512224197388	0.42305286919198387	0.9146341681480408
391	0.008108865158780046	0.9969512224197388	0.4470025388205924	0.8780487775802612
392	0.006149366350344769	0.9969512224197388	0.4571740976194056	0.8780487775802612
393	0.0028039929478304326	1.0	0.4328568853983065	0.9268292784690857
394	0.0038819085279899854	0.9969512224197388	0.4743891576441323	0.9146341681480408
395	0.004286084877804104	0.9969512224197388	0.5118362031331877	0.8902438879013062
396	0.007251809751501352	0.9969512224197388	0.4991021214461908	0.8902438879013062
397	0.013024157128955533	0.9939024448394775	0.48665310115349003	0.8902438879013062
398	0.0063085397907742865	0.9969512224197388	0.4824842621640461	0.9024389982223511
399	0.004232211325249475	0.9969512224197388	0.47885380430919366	0.9146341681480408
400	0.007494789981581384	0.9939024448394775	0.4535478411651239	0.9024389982223511
401	0.013585428485828565	0.9939024448394775	0.4476629960827711	0.9024389982223511
402	0.005072778424463894	0.9969512224197388	0.44640814095008663	0.9024389982223511
403	0.016706705751414298	0.9939024448394775	0.491208297450368	0.9024389982223511
404	0.008022374518587618	0.9939024448394775	0.5102691882994117	0.8780487775802612
405	0.009513703397781839	0.9939024448394775	0.47659535524321767	0.9024389982223511
406	0.005713395405952569	0.9969512224197388	0.43403494939571474	0.9268292784690857
407	0.0041821750736988446	1.0	0.4231876948984658	0.9268292784690857
408	0.014078112160105532	0.9908536672592163	0.38682322531211666	0.9024389982223511
409	0.09239735398384766	0.9695122241973877	0.9098545196579724	0.7804877758026123
410	0.04920601340510496	0.9817073345184326	1.1740245935393543	0.792682945728302
411	0.02312688099606553	0.9847561120986938	0.7206368867943926	0.8170731663703918
412	0.029678935866530348	0.9847561120986938	0.7706484300334279	0.8414633870124817
413	0.03617154934625255	0.9878048896789551	1.3711953163146973	0.8048780560493469
414	0.03119524234406105	0.9908536672592163	0.8566251353519719	0.8414633870124817
415	0.012371867560077368	0.9939024448394775	0.805562939585709	0.8292682766914368
416	0.00983683885325019	0.9969512224197388	0.8448166062192219	0.8536585569381714
417	0.010007237948806638	0.9939024448394775	1.1193126236520163	0.8536585569381714
418	0.015127413183530202	0.9969512224197388	1.4449993575491555	0.8536585569381714
419	0.006570560555257721	0.9969512224197388	0.9447404640476879	0.8536585569381714
420	0.011342660387659945	0.9969512224197388	0.8527175798648741	0.8536585569381714
421	0.00741500885416782	0.9969512224197388	0.7614391140821504	0.8658536672592163
422	0.006624966963455535	0.9969512224197388	0.7229163355943633	0.8658536672592163
423	0.008509785707579662	0.9969512224197388	0.5754003117724162	0.8780487775802612
424	0.011143730669395953	0.9969512224197388	0.5273868964939583	0.9024389982223511
425	0.013742818972010665	0.9939024448394775	0.547181298093098	0.8780487775802612
426	0.026965750472211256	0.9878048896789551	0.633056046032324	0.8414633870124817
427	0.05946844013226105	0.9817073345184326	1.1304669322037115	0.7804877758026123
428	0.036642516872323144	0.9908536672592163	1.4367087701471841	0.8170731663703918
429	0.0277760066546318	0.9908536672592163	0.9175651742190849	0.8414633870124817
430	0.06685049093055834	0.9725610017776489	1.505388434340314	0.7317073345184326
431	0.16473697434838225	0.9451219439506531	2.5839898179217085	0.5853658318519592
432	0.08111010473675845	0.9725610017776489	1.4453341437549125	0.7804877758026123
433	0.06650981025361433	0.9756097793579102	0.8228492882193589	0.8048780560493469
434	0.026470502043460926	0.9939024448394775	0.8752006146965957	0.792682945728302
435	0.02612750528652857	0.9908536672592163	0.4843103580358552	0.8780487775802612
436	0.017374274945568022	0.9939024448394775	0.6245311934773515	0.8536585569381714
437	0.009472588415075912	0.9969512224197388	0.592180345116592	0.8658536672592163
438	0.013882583643241627	0.9969512224197388	0.6180851546729483	0.8780487775802612
439	0.012718062319724662	0.9969512224197388	0.5000233737433829	0.8658536672592163
440	0.050507745546538654	0.9786585569381714	3.811122359299078	0.5731707215309143
441	0.19004290496430745	0.9329268336296082	1.5886913159998453	0.6219512224197388
442	0.08212086104038285	0.9817073345184326	0.7444299430381961	0.8292682766914368
443	0.023025132806562796	0.9908536672592163	0.39239360355749364	0.9146341681480408
444	0.021319661843136134	0.9969512224197388	0.4604648380744748	0.9024389982223511
445	0.01415647865591071	0.9969512224197388	0.4825304484948879	0.9146341681480408
446	0.00638533104211092	1.0	0.4004237942579316	0.9024389982223511
447	0.0108487960462254	0.9969512224197388	0.5218412527223912	0.8658536672592163
448	0.016061633393713613	0.9969512224197388	0.42969035666163374	0.8902438879013062
449	0.028235234470651824	0.9939024448394775	0.5022625690553246	0.8414633870124817
450	0.014984781166720317	0.9939024448394775	0.735488038237502	0.8292682766914368
451	0.028253018765187845	0.9878048896789551	0.5947028703805877	0.8414633870124817
452	0.0932612776608638	0.9817073345184326	0.48145219465581385	0.8414633870124817
453	0.04424027893010799	0.9817073345184326	0.5046497118182298	0.9268292784690857
454	0.012026934748197474	1.0	0.5649423279413363	0.8536585569381714
455	0.04064198200045744	0.9908536672592163	0.5506209920092326	0.8536585569381714
456	0.026347339391799236	0.9939024448394775	0.8039367140793219	0.8536585569381714
457	0.07112830777357264	0.9786585569381714	0.6179599500283962	0.8902438879013062
458	0.01623126349934354	0.9969512224197388	0.49650487957931144	0.9024389982223511
459	0.021528914207365454	0.9939024448394775	0.39081754190165824	0.9024389982223511
460	0.012597288450839498	0.9969512224197388	0.3633748503719888	0.8780487775802612
461	0.011273094234283923	0.9969512224197388	0.3731104578913712	0.8902438879013062
462	0.008043471939589193	0.9969512224197388	0.4056600288646977	0.9146341681480408
463	0.017937506725103025	0.9969512224197388	0.4246087452260459	0.9146341681480408
464	0.012261050246462861	0.9939024448394775	0.4275517449146364	0.9024389982223511
465	0.014479304780252278	0.9939024448394775	0.44043487891918276	0.9024389982223511
466	0.02077009067473161	0.9939024448394775	0.5126893164181128	0.8780487775802612
467	0.029020753450600838	0.9908536672592163	0.6155727723749672	0.8780487775802612
468	0.011857265572449783	0.9969512224197388	0.7141299843788147	0.8658536672592163
469	0.030154333006954047	0.9908536672592163	0.6551451566742688	0.8902438879013062
470	0.013968170396188593	0.9939024448394775	0.5408022418254759	0.8902438879013062
471	0.01478724957659568	0.9969512224197388	0.5174031570190336	0.8902438879013062
472	0.015036842804231749	0.9969512224197388	0.4458674850260339	0.8780487775802612
473	0.013354650781299668	0.9939024448394775	0.4415986130877239	0.8780487775802612
474	0.008047611712444029	0.9969512224197388	0.42589201941722776	0.8902438879013062
475	0.0036713366592643648	1.0	0.41844329310626516	0.8902438879013062
476	0.004326386436842746	1.0	0.4276715109987957	0.8780487775802612
477	0.006780912785893079	0.9969512224197388	0.43190222615148965	0.8536585569381714
478	0.009922268191386559	0.9969512224197388	0.4867799987153309	0.8658536672592163
479	0.006795287977339041	0.9969512224197388	0.4349874708710647	0.8658536672592163
480	0.008029678871070046	0.9969512224197388	0.38122787490123655	0.8780487775802612
481	0.012733332379068044	0.9969512224197388	0.3895808225724755	0.9146341681480408
482	0.06929482047718655	0.9847561120986938	0.7128158429773842	0.8780487775802612
483	0.0378105705831109	0.9847561120986938	0.7955121325283516	0.8414633870124817
484	0.02035794896641519	0.9939024448394775	0.9270802183849055	0.8414633870124817
485	0.014954882888648682	0.9939024448394775	0.7197014471379722	0.8780487775802612
486	0.00821484641808017	0.9969512224197388	0.5329470169253465	0.9146341681480408
487	0.014580577038364803	0.9939024448394775	0.6488943448880824	0.8780487775802612
488	0.00442001137104476	0.9969512224197388	0.6214790431464591	0.8780487775802612
489	0.012229484182437484	0.9939024448394775	0.5255016001259408	0.9024389982223511
490	0.014152016340209761	0.9969512224197388	0.5012308039316317	0.9146341681480408
491	0.012378394410650178	0.9939024448394775	0.535935276892127	0.9268292784690857
492	0.005764412580103409	0.9969512224197388	0.49246296068517176	0.9268292784690857
493	0.008826357660592936	0.9969512224197388	0.433230632688941	0.9268292784690857
494	0.01591980977767579	0.9939024448394775	0.4164766204066393	0.9146341681480408
495	0.0019780614709417003	1.0	0.41694038379483106	0.9146341681480408
496	0.01286288582089516	0.9939024448394775	0.4293476212315443	0.9024389982223511
497	0.003806507169473462	1.0	0.4456047939091194	0.9024389982223511
498	0.0018137387928507495	1.0	0.5009541002715506	0.9024389982223511
499	0.009091398739057207	0.9939024448394775	0.5353429186634902	0.8902438879013062
